#VERSION:0.82;
#TITLE:07. Music S.T.A.R.T!!;
#SUBTITLE:;
#ARTIST:u's;
#TITLETRANSLIT:;
#SUBTITLETRANSLIT:;
#ARTISTTRANSLIT:;
#GENRE:;
#ORIGIN:;
#CREDIT:10Dollar Presents;
#BANNER:BN.png;
#BACKGROUND:BG.png;
#PREVIEWVID:;
#JACKET:;
#CDIMAGE:;
#DISCIMAGE:;
#LYRICSPATH:;
#CDTITLE:CDTitle.png;
#MUSIC:Song.mp3;
#OFFSET:-0.920000;
#SAMPLESTART:36.622887;
#SAMPLELENGTH:7.000000;
#SELECTABLE:YES;
#BPMS:0.000=168.000;
#STOPS:;
#DELAYS:;
#WARPS:;
#TIMESIGNATURES:0.000=4=4;
#TICKCOUNTS:0.000=4;
#COMBOS:0.000=1;
#SPEEDS:0.000=1.000=0.000=0;
#SCROLLS:0.000=1.000;
#FAKES:;
#LABELS:0.000=Song Start;
#LASTSECONDHINT:3.000000;
#BGCHANGES:;
#KEYSOUNDS:;
#ATTACKS:
;

//---------------dance-single - crazy----------------
#NOTEDATA:;
#CHARTNAME:;
#STEPSTYPE:dance-single;
#DESCRIPTION:crazy;
#CHARTSTYLE:;
#DIFFICULTY:Easy;
#METER:7;
#RADARVALUES:1.000000,1.000000,1.000000,0.035810,1.000000,2060.000000,495.000000,5.000000,3.000000,75.000000,0.000000,0.000000,0.000000,1.000000,1.000000,1.000000,0.035810,1.000000,2060.000000,495.000000,5.000000,3.000000,75.000000,0.000000,0.000000,0.000000;
#CREDIT:;
#OFFSET:-0.920000;
#BPMS:0.000000=168.000000
;
#STOPS:;
#DELAYS:;
#WARPS:;
#TIMESIGNATURES:0.000000=4=4
;
#TICKCOUNTS:0.000000=4
,48.000000=8
,80.000000=4
,107.500000=12
,108.000000=6
,109.000000=12
,109.500000=6
,112.000000=4
,144.000000=6
,147.000000=4
,156.000000=6
,156.500000=8
,157.000000=6
,157.500000=8
,158.000000=6
,160.000000=4
,167.000000=8
,168.000000=4
,176.000000=6
,177.000000=12
,178.000000=8
,180.000000=6
,182.000000=4
,183.000000=16
,184.000000=8
,258.000000=4
,260.000000=8
,265.000000=4
,332.000000=8
,364.000000=6
,365.000000=12
,365.500000=6
,366.500000=12
,367.000000=6
,380.000000=12
,380.500000=4
;
#COMBOS:0.000000=1
;
#SPEEDS:0.000000=1.000000=0.000000=0
;
#SCROLLS:0.000000=1.000000
;
#FAKES:;
#LABELS:0.000000=Song Start
;
#NOTES:
// measure 0
1010
0100
0010
0001
1100
0010
0100
1000
,  // measure 1
1011
0100
1000
0010
1001
0110
1010
0101
,  // measure 2
1011
0100
1001
0010
0101
1000
0011
0100
,  // measure 3
1101
0010
0100
1000
0011
0100
1001
0010
,  // measure 4
1101
0010
0001
1000
0110
0001
1010
0100
,  // measure 5
1011
0010
0100
1000
0011
0100
1001
0010
,  // measure 6
1110
0001
0110
1000
0011
0100
1001
0010
,  // measure 7
1110
0001
0010
1100
1001
0010
0100
0011
,  // measure 8
1011
0100
0010
0001
1000
0100
0010
0001
,  // measure 9
1000
0100
0010
0001
1000
0100
0010
0001
,  // measure 10
1010
0000
1010
0000
0101
0000
0101
0000
1010
0000
0100
1010
0100
0000
1010
0000
,  // measure 11
0101
0000
0010
0000
0100
0000
1001
0011
1100
0110
0011
1100
1010
0011
1100
0101
,  // measure 12
1010
0001
0100
1000
0011
0100
1000
0001
0110
1000
0001
0010
1100
0001
0010
1000
0100
0010
0001
1000
0110
0001
1000
0100
0011
1000
0100
0001
1010
0100
0001
0010
,  // measure 13
1100
0001
0010
0100
1000
0010
0100
1000
0011
0100
1000
0010
0001
0100
1000
0001
0110
1000
0001
0100
0010
0001
0100
1000
0011
0100
1000
0010
0001
1000
0100
0010
,  // measure 14
1001
0100
0010
0001
1100
0010
0001
1000
0110
0001
1000
0010
0101
1000
0010
0100
0001
0010
0100
0001
1010
0100
0001
0010
1100
0001
0010
1000
0101
0010
1000
0100
,  // measure 15
0011
1000
0100
0010
0001
0100
1000
0010
0101
1000
0010
0100
0001
1000
0100
0001
1010
0100
0001
1000
0010
0100
0001
0010
1100
0001
0010
0100
1000
0010
0100
0001
,  // measure 16
1010
0100
0001
1000
0100
0010
0001
0100
1010
0001
0100
0010
1000
0001
0010
0100
1001
0010
0100
0001
1000
0100
0010
0001
1100
0010
0001
0100
1000
0001
0010
0100
,  // measure 17
1001
0010
0100
1000
0011
0100
1000
0010
0101
1000
0010
0001
1100
0010
0001
1000
0100
0010
0001
0100
1010
0001
0100
0010
1001
0010
0100
1000
0011
0100
1000
0001
,  // measure 18
0110
1000
0001
0100
1010
0001
0100
0010
1001
0100
0010
0001
1100
0010
0001
0100
1010
0001
0100
1000
0011
0100
1000
0010
0101
1000
0010
0100
1001
0010
0100
0001
,  // measure 19
1010
0100
0001
0010
1100
0001
0010
0100
1000
0001
0010
0100
1001
0010
0100
1000
0001
0010
1000
0100
0011
1000
0100
0010
1001
0000
0000
0000
0110
0000
0001
0000
,  // measure 20
1010
0001
1100
0001
0110
1000
0011
0100
1010
0001
0110
1000
0110
0001
0010
1000
,  // measure 21
0101
1000
0011
1000
0110
0001
1010
0100
0011
1000
0011
1000
0110
0001
1000
0100
,  // measure 22
1010
0001
1100
0001
0110
1000
0011
1000
0110
0001
1000
0010
0101
0010
1100
0010
,  // measure 23
1001
0100
0010
0100
1001
0100
1010
0001
0110
0001
1010
0100
1001
0010
0100
0001
,  // measure 24
1010
0001
1100
0001
0110
1000
0011
0100
0011
0100
1010
0001
0110
1000
0011
0100
,  // measure 25
1001
0010
0100
0001
1010
0100
0010
0001
1100
0010
0001
0100
1010
0001
0100
0010
,  // measure 26
1001
0000
0000
0100
0000
0000
0010
0000
0000
0001
0000
0000
0100
0000
0000
1000
0000
0000
0011
0000
0000
0100
0000
0000
1010
0000
0000
0001
0000
0000
0010
0000
0000
0100
0000
0000
1000
0000
0000
0001
0000
0000
0100
0000
0010
0000
0001
0000
,  // measure 27
1110
0001
0100
1011
0100
0010
1101
0010
1000
0111
1000
0100
0010
0001
0100
1011
0100
1000
0100
0010
0001
1000
0100
0010
,  // measure 28
1001
0010
1100
0001
0110
1000
0011
1000
0101
1000
0110
0001
1110
0001
0100
0010
,  // measure 29
1001
0100
1010
0001
0110
0001
1010
0100
1001
0100
1010
0001
0110
0001
1100
0010
,  // measure 30
1001
0100
0011
1000
0101
1000
0011
1000
0110
0001
1010
0100
1011
0100
0011
0100
,  // measure 31
1010
0001
1100
0001
0110
1000
0011
0100
1000
0001
0110
0001
1110
0001
1100
0001
,  // measure 32
0110
1000
0001
0100
1010
0001
0100
1000
0011
0100
1001
0010
1101
0010
1100
0010
,  // measure 33
1101
0010
0101
1000
0111
1000
0011
0100
1001
0100
0010
1000
0011
0100
1000
0010
,  // measure 34
1101
0010
0100
1000
0111
1000
0110
0001
1110
0001
1010
0100
1011
0100
0011
0100
,  // measure 35
1000
0010
0101
1000
0011
1000
0110
0001
1010
0001
0110
0001
1100
0011
1100
0011
,  // measure 36
1100
0000
0010
0000
0001
0000
1000
0000
0100
0000
0010
0000
1001
0000
0100
0000
0010
0000
0001
0000
1000
0000
0100
0000
0011
0000
1000
0000
0100
0000
0010
0000
0001
0000
1000
0000
0110
0000
0000
0001
0000
0000
1010
0000
0000
0001
0000
0000
,  // measure 37
1100
0001
0110
1000
0011
0100
1010
0001
0100
1000
0011
1000
0110
0001
1010
0100
,  // measure 38
1011
0100
1010
0100
1001
0100
1010
0001
0110
0001
1010
0100
1010
0001
0110
1000
,  // measure 39
0111
0000
0000
0000
0000
0000
0000
0000
1000
0000
0000
0000
0000
0000
0000
0000
0100
0000
0000
0000
0000
0000
0000
0000
0001
0000
0000
0000
0000
0000
0010
0000
0000
0000
0000
0000
0100
0000
0000
0000
0000
0000
1000
0000
0000
0000
0000
0000
0111
0000
0000
0000
0000
0000
0000
0000
1000
0000
0000
0000
0000
0000
0000
0000
0010
0000
0000
0000
0000
0000
0000
0000
0001
0000
0000
0000
0000
0000
0010
0000
0000
0000
0000
0000
0100
0000
0000
0000
0000
0000
1000
0000
0000
0000
0000
0000
0111
0000
0000
0000
0000
0000
0000
0000
1000
0000
0000
0000
0000
0000
0000
0000
0010
0000
0000
0000
0000
0000
0000
0000
1100
0000
0000
0000
0000
0000
0000
0000
0001
0000
0000
0000
0000
0000
0000
0000
0010
0000
0000
0000
0000
0000
0000
0000
0100
0000
0000
0000
0000
0000
0000
0000
1000
0000
0000
0000
0000
0000
0000
0000
0010
0000
0000
0000
0000
0000
0000
0000
0100
0000
0000
0000
0000
0000
0000
0000
0001
0000
0000
0000
0000
0000
0000
0000
0010
0000
0000
0000
0000
0000
0000
0000
,  // measure 40
1101
0010
0100
1000
0011
0100
1000
0010
1001
0100
0010
0001
1000
0100
0010
0001
,  // measure 41
1100
0000
0001
0000
0110
0000
1000
0000
0011
0000
0100
0000
1010
0000
0001
0000
0100
0000
0010
0000
1001
0000
0100
0000
0011
0100
1000
0001
0010
0100
1000
0001
,  // measure 42
1110
0001
1010
0100
1011
0100
1001
0010
1101
0010
0101
1000
0111
1000
0111
1000
,  // measure 43
0111
1000
0110
0001
1110
0001
1010
0001
1110
0001
0110
1000
0111
1000
0111
1000
,  // measure 44
0101
0000
0000
0000
0000
0000
0000
0000
0010
0000
0000
0000
0000
0000
0000
0000
0100
0000
0000
0000
0000
0000
0000
0000
1000
0000
0000
0000
0000
0000
0000
0000
0001
0000
0000
0000
0000
0000
0000
0000
0010
0000
0000
0000
0000
0000
0000
0000
1101
0000
0000
0000
0000
0000
0000
0000
0010
0000
0000
0000
0000
0000
0000
0000
1000
0000
0000
0000
0000
0000
0000
0000
0100
0000
0000
0000
0000
0000
0000
0000
0010
0000
0000
0000
0000
0000
0000
0000
0001
0000
0000
0000
0000
0000
0000
0000
1110
0000
0000
0000
0000
0000
0001
0000
0000
0000
0000
0000
1000
0000
0000
0000
0000
0000
0100
0000
0000
0000
0000
0000
0010
0000
0000
0000
0000
0000
0001
0000
0000
0000
0000
0000
1000
0000
0000
0000
0000
0000
0100
0000
0000
0000
0000
0000
0010
0000
0000
0000
0000
0000
0001
0000
0000
0000
0000
0000
1000
0000
0000
0000
0000
0000
0100
0000
0000
0000
0000
0000
0010
0000
0000
0000
0000
0000
0001
0000
0000
0000
0000
0000
1000
0000
0000
0000
0000
0000
0100
0000
0000
0000
0000
0000
,  // measure 45
1011
0000
0100
0000
0010
0000
1101
0000
0010
0000
1000
0000
0111
0000
1000
0000
0001
0000
1110
0000
0001
0000
0100
0000
1000
0000
0000
0001
0000
0000
1110
0000
0000
0001
0000
0000
2110
0000
0000
0000
0000
0000
0000
0000
0000
0000
0000
0000
,  // measure 46
3011
0100
1000
0010
0001
0100
0010
1000
0101
0010
1000
0100
0011
1000
0100
0010
0001
0100
1000
0010
1001
0100
0010
1000
0001
0010
0100
0001
1010
0100
0001
0010
,  // measure 47
0100
1000
0010
0100
1001
0010
0100
0001
1010
0100
0001
1000
0110
0001
1000
0010
0101
1000
0010
0100
0001
1000
0100
0010
1101
0010
0100
1000
0001
0010
1000
0100
,  // measure 48
0011
1000
0100
0010
0001
0100
1000
0010
0101
1000
0010
0100
1001
0010
0100
0001
1000
0100
0010
0001
1100
0010
0001
0100
1000
0010
0001
0100
1010
0001
0100
0010
,  // measure 49
1000
0100
0010
0001
1100
0010
0001
1000
0110
0001
1000
0010
0101
1000
0010
0100
1001
0010
0100
0001
1000
0100
0010
0001
1110
0001
0100
0010
1000
0001
0010
0100
,  // measure 50
1001
0010
0100
1000
0010
0001
0100
0010
1001
0100
0010
1000
0001
0100
1000
0010
0101
1000
0010
0100
0001
0010
0100
1000
0110
0001
1000
0100
0010
0001
0100
0010
,  // measure 51
1101
0010
1000
0100
0010
0001
0100
1000
0011
0100
1000
0010
0101
1000
0010
0001
0100
0010
1000
0100
0011
1000
0100
0001
1010
0100
0010
0001
1100
0010
0001
0100
,  // measure 52
1010
0001
0010
0100
1000
0010
0001
0100
1011
0100
0010
0001
1000
0100
0010
0001
1100
0010
0001
0100
1000
0010
0100
1000
0111
1000
0001
0010
0100
1000
0001
0010
,  // measure 53
1100
0001
0010
0100
1001
0010
0100
0001
1000
0100
0010
0001
1100
0010
0001
0100
0010
1000
0001
0010
1100
0001
0010
0100
1001
0010
0101
1000
0011
0100
1010
0001
,  // measure 54
1110
0001
0100
0010
1000
0100
0010
0001
1010
0001
0100
1000
0110
0001
1000
0010
0100
1000
0001
0010
1100
0001
0010
0100
1000
0010
0001
1000
0110
0001
1000
0100
,  // measure 55
0010
0001
1000
0010
0101
1000
0010
0100
0011
1000
0100
0010
1001
0010
0100
0001
1010
0100
0001
0010
0100
1000
0010
0001
1110
0001
1000
0100
0010
0001
0100
1000
,  // measure 56
0011
0100
1000
0010
0001
0100
0010
1000
0101
0010
0100
1000
0011
0100
1000
0010
0100
0001
0010
1000
0101
0010
1000
0100
0010
0001
0100
1000
0011
0100
1000
0001
,  // measure 57
0010
0100
1000
0001
0110
1000
0001
0100
1010
0001
0100
0010
1001
0100
0010
0001
1100
0010
0001
0100
1000
0001
0010
1000
0111
1000
0001
0010
1100
0001
0010
0100
,  // measure 58
1001
0010
0100
0001
1000
0100
0010
0001
1100
0010
0001
1000
0100
0010
0001
0100
1010
0001
0100
0010
1000
0001
0010
0100
1001
0010
0100
0001
1000
0100
0010
0001
,  // measure 59
1100
0010
0001
1000
0110
0001
1000
0100
0011
1000
0100
0010
1001
0100
0010
1000
0001
0010
0100
1000
0011
0100
1000
0010
1100
0001
0010
0100
1001
0010
0100
1000
,  // measure 60
0011
0100
1000
0010
0001
1000
0100
0001
1010
0100
0010
0001
1100
0010
0001
0100
1000
0001
0010
0100
1000
0010
0100
1000
0111
1000
0001
0010
0100
1000
0001
0010
,  // measure 61
1100
0001
0010
0100
1000
0010
0001
1000
0110
0001
1000
0100
0010
0001
0100
0010
1001
0100
0010
1000
0101
0010
1000
0100
0010
0001
0100
0010
1001
0100
0010
0001
,  // measure 62
0100
1000
0010
0100
0001
0010
0100
1000
0011
0100
1000
0010
0001
0100
0010
0001
1100
0010
0001
1000
0100
0001
0010
0100
1001
0010
0100
0001
1000
0100
0010
0001
,  // measure 63
1100
0010
0001
0100
1000
0010
0100
1000
0011
0100
1000
0010
0001
0100
1000
0001
0110
1000
0001
0010
0100
1000
0010
0001
1100
0010
0001
1000
0100
0010
0001
0100
,  // measure 64
1010
0001
0100
0010
1001
0100
0010
0001
1100
0010
0001
1000
0110
0001
1000
0100
1011
0000
0110
0000
1101
0000
0011
0000
1110
0000
0101
0000
1011
0000
0110
0000
,  // measure 65
1001
0010
0100
1000
0001
0010
0100
0001
1010
0100
0010
0001
1000
0100
0010
0001
1100
0000
0010
0000
0101
0000
1000
0000
0001
0000
0010
0000
1100
0000
0001
0000
,  // measure 66
0010
0100
1000
0010
1100
0001
0010
0100
1001
0011
1100
0110
1010
0101
0011
1100
,  // measure 67
0011
0100
1000
0010
0001
0100
0010
0001
1010
0100
0010
0001
0100
1000
0010
0001
,  // measure 68
0110
1000
0001
0010
0100
0010
0001
0100
1010
0001
0110
1000
0011
0100
1001
0010
,  // measure 69
1001
0100
0010
0001
1010
0100
0001
0010
1100
0001
0010
0100
1001
0010
0100
1000
,  // measure 70
0011
0100
1000
0010
0001
0100
0010
0001
1010
0100
0010
1000
0011
0100
1000
0010
,  // measure 71
1100
0001
0010
0100
1000
0010
0001
0010
1100
0001
0010
0100
1010
0100
0010
0001
,  // measure 72
1100
0010
0001
0100
1000
0001
0010
0100
1010
0001
0100
0010
1100
0001
0010
0100
,  // measure 73
1001
0010
0100
1000
0011
0100
1000
0001
1010
0100
0001
0010
1100
0001
0100
0010
,  // measure 74
1001
0100
1010
0001
1110
0001
1010
0100
1011
0100
1011
0100
1001
0110
1001
0010
,  // measure 75
1100
0010
0001
0100
1000
0010
0001
1000
0110
0001
0100
1000
0010
0001
0100
1000
,  // measure 76
0011
0100
0010
0001
1000
0100
0010
0100
1001
0100
1010
0001
0110
0001
1100
0001
,  // measure 77
0110
1000
0010
0001
0110
1000
0100
0010
1001
0100
0010
0001
1100
0001
0100
1000
,  // measure 78
0011
0100
1000
0010
0001
0100
0010
0001
1100
0001
0010
0100
1001
0010
0100
0001
,  // measure 79
1010
0100
0001
0010
0100
1000
0010
0100
1001
0010
0100
0001
1010
0100
0010
0001
,  // measure 80
1100
0010
0001
0100
1000
0010
0001
0100
1001
0010
0100
1000
0011
0100
1000
0010
,  // measure 81
0101
0010
1000
0100
0011
0100
1000
0001
0110
1000
0001
0010
1100
0001
0010
0100
,  // measure 82
1001
0010
0100
0001
1000
0100
0011
1000
0110
0001
1000
0100
0001
0010
1001
0100
,  // measure 83
1001
0010
0100
1000
0011
0100
1000
0001
0110
1000
0001
0100
1010
0001
0100
0010
0001
1000
0100
0001
1010
0100
0001
0010
1100
0001
0010
0100
1001
0010
0100
1000
,  // measure 84
0011
0100
1000
0010
0001
0100
1000
0001
0110
1000
0001
0010
0100
1000
0010
0001
1100
0010
0001
1000
0100
0010
0001
0100
1010
0001
0100
0010
1000
0100
0010
0001
,  // measure 85
1100
0010
0001
0100
1010
0001
0100
0010
1001
0100
0010
0001
1100
0010
0001
0100
1000
0010
0001
1000
0110
0001
1000
0100
0011
1000
0100
0010
1001
0100
0010
0001
,  // measure 86
1100
0010
0001
0100
1000
0001
0010
0100
1001
0010
0100
0001
1000
0100
0010
0001
1100
0010
0001
1000
0100
0010
0001
1000
0110
0001
1000
0010
0100
1000
0010
0100
,  // measure 87
1001
0010
0100
0001
0010
1000
0100
0010
1001
0100
0010
0001
0100
1000
0001
0100
1010
0001
0100
0010
0001
1000
0100
0001
1010
0100
0001
0010
0100
1000
0010
0001
,  // measure 88
1100
0010
0001
0100
1010
0001
0100
0010
1001
0100
0010
0001
1100
0010
0001
0100
1000
0010
0001
1000
0110
0001
1000
0100
0011
1000
0100
0010
1001
0100
0010
0001
,  // measure 89
1100
0010
0001
0100
1010
0001
0100
0010
1001
0100
0010
1000
0101
0010
1000
0100
0011
1000
0100
0010
1001
0100
0010
1000
0110
0001
1000
0010
0101
1000
0010
0001
,  // measure 90
1100
0010
0001
0100
1010
0001
0100
0010
1001
0100
0010
1000
0101
0010
1000
0100
0011
1000
0100
0010
1001
0100
0010
0001
1100
0010
0001
0100
1010
0001
0100
0010
,  // measure 91
1102
0000
0010
0000
0100
0000
1000
0000
0100
0000
0010
0000
1100
0000
0010
0000
0100
0000
1000
0000
0100
0000
0010
0000
0100
0000
1000
0000
0100
0000
M010
0000
0100
M000
0010
0000
M100
0000
0010
0000
0100
0000
1000
0000
0100
0000
0010
0000
,  // measure 92
0100
1000
0100
1010
0100
1000
0100
0010
0100
1000
0100
0010
1100
0010
0100
1000
0100
0010
1100
0010
0100
1000
0100
0010
,  // measure 93
1100
0010
0100
1000
0100
0010
0100
1000
0100
0010
0100
1000
0100
0010
0100
1010
0100
0010
1100
0010
0100
1000
0100
0010
,  // measure 94
0100
1000
0100
1010
0100
1000
0100
0010
0100
1000
0100
0010
1100
0010
0100
1000
0100
0010
1100
0010
0100
1000
0100
0010
,  // measure 95
2220
0000
0000
0000
,  // measure 96
0000
0000
0000
0000
0000
0000
0000
3333
;
